Jan 01 2016, 0.000154
Jan 02 2016, 0.000151
Jan 03 2016, 0.000146
Jan 04 2016, 0.000144
Jan 05 2016, 0.000137
Jan 06 2016, 0.000135
Jan 07 2016, 0.000139
Jan 08 2016, 0.000158
Jan 09 2016, 0.000180
Jan 10 2016, 0.000167
Jan 11 2016, 0.000171
Jan 12 2016, 0.000180
Jan 13 2016, 0.000177
Jan 14 2016, 0.000175
Jan 15 2016, 0.000149
Jan 16 2016, 0.000155
Jan 17 2016, 0.000152
Jan 18 2016, 0.000151
Jan 19 2016, 0.000148
Jan 20 2016, 0.000168
Jan 21 2016, 0.000163
Jan 22 2016, 0.000168
Jan 23 2016, 0.000172
Jan 24 2016, 0.000193
Jan 25 2016, 0.000212
Jan 26 2016, 0.000356
Jan 27 2016, 0.000455
Jan 28 2016, 0.000344
Jan 29 2016, 0.000316
Jan 30 2016, 0.000258
Jan 31 2016, 0.000277
Feb 01 2016, 0.000270
Feb 02 2016, 0.000262
Feb 03 2016, 0.000265
Feb 04 2016, 0.000287
Feb 05 2016, 0.000305
Feb 06 2016, 0.000306
Feb 07 2016, 0.000285
Feb 08 2016, 0.000287
Feb 09 2016, 0.000292
Feb 10 2016, 0.000298
Feb 11 2016, 0.000290
Feb 12 2016, 0.000301
Feb 13 2016, 0.000295
Feb 14 2016, 0.000301
Feb 15 2016, 0.000298
Feb 16 2016, 0.000292
Feb 17 2016, 0.000278
Feb 18 2016, 0.000278
Feb 19 2016, 0.000297
Feb 20 2016, 0.000291
Feb 21 2016, 0.000285
Feb 22 2016, 0.000283
Feb 23 2016, 0.000280
Feb 24 2016, 0.000278
Feb 25 2016, 0.000269
Feb 26 2016, 0.000259
Feb 27 2016, 0.000255
Feb 28 2016, 0.000254
Feb 29 2016, 0.000250
Mar 01 2016, 0.000249
Mar 02 2016, 0.000244
Mar 03 2016, 0.000245
Mar 04 2016, 0.000238
Mar 05 2016, 0.000224
Mar 06 2016, 0.000221
Mar 07 2016, 0.000233
Mar 08 2016, 0.000220
Mar 09 2016, 0.000230
Mar 10 2016, 0.000241
Mar 11 2016, 0.000241
Mar 12 2016, 0.000237
Mar 13 2016, 0.000245
Mar 14 2016, 0.000238
Mar 15 2016, 0.000231
Mar 16 2016, 0.000231
Mar 17 2016, 0.000223
Mar 18 2016, 0.000209
Mar 19 2016, 0.000220
Mar 20 2016, 0.000214
Mar 21 2016, 0.000212
Mar 22 2016, 0.000217
Mar 23 2016, 0.000212
Mar 24 2016, 0.000213
Mar 25 2016, 0.000214
Mar 26 2016, 0.000213
Mar 27 2016, 0.000216
Mar 28 2016, 0.000215
Mar 29 2016, 0.000254
Mar 30 2016, 0.000234
Mar 31 2016, 0.000233
Apr 01 2016, 0.000224
Apr 02 2016, 0.000226
Apr 03 2016, 0.000221
Apr 04 2016, 0.000220
Apr 05 2016, 0.000214
Apr 06 2016, 0.000216
Apr 07 2016, 0.000212
Apr 08 2016, 0.000211
Apr 09 2016, 0.000208
Apr 10 2016, 0.000204
Apr 11 2016, 0.000214
Apr 12 2016, 0.000229
Apr 13 2016, 0.000234
Apr 14 2016, 0.000230
Apr 15 2016, 0.000233
Apr 16 2016, 0.000230
Apr 17 2016, 0.000226
Apr 18 2016, 0.000225
Apr 19 2016, 0.000222
Apr 20 2016, 0.000226
Apr 21 2016, 0.000226
Apr 22 2016, 0.000224
Apr 23 2016, 0.000224
Apr 24 2016, 0.000227
Apr 25 2016, 0.000227
Apr 26 2016, 0.000230
Apr 27 2016, 0.000224
Apr 28 2016, 0.000228
Apr 29 2016, 0.000226
Apr 30 2016, 0.000226
May 01 2016, 0.000226
May 02 2016, 0.000229
May 03 2016, 0.000228
May 04 2016, 0.000225
May 05 2016, 0.000221
May 06 2016, 0.000225
May 07 2016, 0.000223
May 08 2016, 0.000222
May 09 2016, 0.000224
May 10 2016, 0.000220
May 11 2016, 0.000224
May 12 2016, 0.000235
May 13 2016, 0.000236
May 14 2016, 0.000231
May 15 2016, 0.000231
May 16 2016, 0.000229
May 17 2016, 0.000226
May 18 2016, 0.000228
May 19 2016, 0.000225
May 20 2016, 0.000228
May 21 2016, 0.000226
May 22 2016, 0.000224
May 23 2016, 0.000225
May 24 2016, 0.000224
May 25 2016, 0.000224
May 26 2016, 0.000228
May 27 2016, 0.000230
May 28 2016, 0.000237
May 29 2016, 0.000238
May 30 2016, 0.000238
May 31 2016, 0.000231
Jun 01 2016, 0.000234
Jun 02 2016, 0.000230
Jun 03 2016, 0.000238
Jun 04 2016, 0.000237
Jun 05 2016, 0.000237
Jun 06 2016, 0.000236
Jun 07 2016, 0.000240
Jun 08 2016, 0.000246
Jun 09 2016, 0.000265
Jun 10 2016, 0.000260
Jun 11 2016, 0.000253
Jun 12 2016, 0.000270
Jun 13 2016, 0.000298
Jun 14 2016, 0.000320
Jun 15 2016, 0.000313
Jun 16 2016, 0.000335
Jun 17 2016, 0.000321
Jun 18 2016, 0.000324
Jun 19 2016, 0.000338
Jun 20 2016, 0.000323
Jun 21 2016, 0.000307
Jun 22 2016, 0.000266
Jun 23 2016, 0.000280
Jun 24 2016, 0.000281
Jun 25 2016, 0.000284
Jun 26 2016, 0.000285
Jun 27 2016, 0.000288
Jun 28 2016, 0.000301
Jun 29 2016, 0.000296
Jun 30 2016, 0.000304
Jul 01 2016, 0.000302
Jul 02 2016, 0.000306
Jul 03 2016, 0.000282
Jul 04 2016, 0.000289
Jul 05 2016, 0.000287
Jul 06 2016, 0.000284
Jul 07 2016, 0.000275
Jul 08 2016, 0.000277
Jul 09 2016, 0.000270
Jul 10 2016, 0.000272
Jul 11 2016, 0.000267
Jul 12 2016, 0.000265
Jul 13 2016, 0.000263
Jul 14 2016, 0.000262
Jul 15 2016, 0.000264
Jul 16 2016, 0.000262
Jul 17 2016, 0.000263
Jul 18 2016, 0.000252
Jul 19 2016, 0.000245
Jul 20 2016, 0.000244
Jul 21 2016, 0.000237
Jul 22 2016, 0.000237
Jul 23 2016, 0.000251
Jul 24 2016, 0.000249
Jul 25 2016, 0.000245
Jul 26 2016, 0.000240
Jul 27 2016, 0.000237
Jul 28 2016, 0.000238
Jul 29 2016, 0.000238
Jul 30 2016, 0.000239
Jul 31 2016, 0.000230
Aug 01 2016, 0.000223
Aug 02 2016, 0.000206
Aug 03 2016, 0.000214
Aug 04 2016, 0.000215
Aug 05 2016, 0.000218
Aug 06 2016, 0.000231
Aug 07 2016, 0.000264
Aug 08 2016, 0.000237
Aug 09 2016, 0.000237
Aug 10 2016, 0.000239
Aug 11 2016, 0.000235
Aug 12 2016, 0.000239
Aug 13 2016, 0.000239
Aug 14 2016, 0.000245
Aug 15 2016, 0.000238
Aug 16 2016, 0.000258
Aug 17 2016, 0.000247
Aug 18 2016, 0.000247
Aug 19 2016, 0.000233
Aug 20 2016, 0.000238
Aug 21 2016, 0.000232
Aug 22 2016, 0.000229
Aug 23 2016, 0.000227
Aug 24 2016, 0.000231
Aug 25 2016, 0.000229
Aug 26 2016, 0.000231
Aug 27 2016, 0.000224
Aug 28 2016, 0.000229
Aug 29 2016, 0.000225
Aug 30 2016, 0.000233
Aug 31 2016, 0.000235
Sep 01 2016, 0.000232
Sep 02 2016, 0.000235
Sep 03 2016, 0.000236
Sep 04 2016, 0.000235
Sep 05 2016, 0.000236
Sep 06 2016, 0.000241
Sep 07 2016, 0.000242
Sep 08 2016, 0.000228
Sep 09 2016, 0.000230
Sep 10 2016, 0.000227
Sep 11 2016, 0.000226
Sep 12 2016, 0.000226
Sep 13 2016, 0.000225
Sep 14 2016, 0.000226
Sep 15 2016, 0.000233
Sep 16 2016, 0.000250
Sep 17 2016, 0.000236
Sep 18 2016, 0.000240
Sep 19 2016, 0.000236
Sep 20 2016, 0.000232
Sep 21 2016, 0.000231
Sep 22 2016, 0.000228
Sep 23 2016, 0.000224
Sep 24 2016, 0.000226
Sep 25 2016, 0.000225
Sep 26 2016, 0.000229
Sep 27 2016, 0.000228
Sep 28 2016, 0.000229
Sep 29 2016, 0.000231
Sep 30 2016, 0.000235
Oct 01 2016, 0.000233
Oct 02 2016, 0.000230
Oct 03 2016, 0.000234
Oct 04 2016, 0.000229
Oct 05 2016, 0.000233
Oct 06 2016, 0.000223
Oct 07 2016, 0.000228
Oct 08 2016, 0.000225
Oct 09 2016, 0.000228
Oct 10 2016, 0.000228
Oct 11 2016, 0.000230
Oct 12 2016, 0.000225
Oct 13 2016, 0.000227
Oct 14 2016, 0.000227
Oct 15 2016, 0.000224
Oct 16 2016, 0.000223
Oct 17 2016, 0.000221
Oct 18 2016, 0.000221
Oct 19 2016, 0.000219
Oct 20 2016, 0.000221
Oct 21 2016, 0.000218
Oct 22 2016, 0.000223
Oct 23 2016, 0.000221
Oct 24 2016, 0.000219
Oct 25 2016, 0.000219
Oct 26 2016, 0.000216
Oct 27 2016, 0.000217
Oct 28 2016, 0.000216
Oct 29 2016, 0.000223
Oct 30 2016, 0.000223
Oct 31 2016, 0.000220
Nov 01 2016, 0.000221
Nov 02 2016, 0.000220
Nov 03 2016, 0.000217
Nov 04 2016, 0.000219
Nov 05 2016, 0.000222
Nov 06 2016, 0.000221
Nov 07 2016, 0.000239
Nov 08 2016, 0.000229
Nov 09 2016, 0.000229
Nov 10 2016, 0.000228
Nov 11 2016, 0.000227
Nov 12 2016, 0.000220
Nov 13 2016, 0.000225
Nov 14 2016, 0.000223
Nov 15 2016, 0.000222
Nov 16 2016, 0.000221
Nov 17 2016, 0.000224
Nov 18 2016, 0.000218
Nov 19 2016, 0.000220
Nov 20 2016, 0.000219
Nov 21 2016, 0.000222
Nov 22 2016, 0.000224
Nov 23 2016, 0.000219
Nov 24 2016, 0.000218
Nov 25 2016, 0.000220
Nov 26 2016, 0.000219
Nov 27 2016, 0.000217
Nov 28 2016, 0.000218
Nov 29 2016, 0.000217
Nov 30 2016, 0.000214
Dec 01 2016, 0.000214
Dec 02 2016, 0.000216
Dec 03 2016, 0.000217
Dec 04 2016, 0.000217
Dec 05 2016, 0.000215
Dec 06 2016, 0.000212
Dec 07 2016, 0.000214
Dec 08 2016, 0.000215
Dec 09 2016, 0.000212
Dec 10 2016, 0.000215
Dec 11 2016, 0.000223
Dec 12 2016, 0.000222
Dec 13 2016, 0.000216
Dec 14 2016, 0.000217
Dec 15 2016, 0.000215
Dec 16 2016, 0.000217
Dec 17 2016, 0.000219
Dec 18 2016, 0.000218
Dec 19 2016, 0.000218
Dec 20 2016, 0.000219
Dec 21 2016, 0.000227
Dec 22 2016, 0.000225
Dec 23 2016, 0.000236
Dec 24 2016, 0.000234
Dec 25 2016, 0.000230
Dec 26 2016, 0.000233
Dec 27 2016, 0.000227
Dec 28 2016, 0.000223
Dec 29 2016, 0.000228
Dec 30 2016, 0.000228
Dec 31 2016, 0.000223
Jan 01 2017, 0.000228
Jan 02 2017, 0.000226
Jan 03 2017, 0.000227
Jan 04 2017, 0.000236
Jan 05 2017, 0.000229
Jan 06 2017, 0.000220
Jan 07 2017, 0.000221
Jan 08 2017, 0.000221
Jan 09 2017, 0.000229
Jan 10 2017, 0.000226
Jan 11 2017, 0.000205
Jan 12 2017, 0.000208
Jan 13 2017, 0.000209
Jan 14 2017, 0.000209
Jan 15 2017, 0.000206
Jan 16 2017, 0.000207
Jan 17 2017, 0.000215
Jan 18 2017, 0.000208
Jan 19 2017, 0.000211
Jan 20 2017, 0.000209
Jan 21 2017, 0.000208
Jan 22 2017, 0.000207
Jan 23 2017, 0.000208
Jan 24 2017, 0.000202
Jan 25 2017, 0.000204
Jan 26 2017, 0.000208
Jan 27 2017, 0.000204
Jan 28 2017, 0.000209
Jan 29 2017, 0.000204
Jan 30 2017, 0.000208
Jan 31 2017, 0.000206
Feb 01 2017, 0.000209
Feb 02 2017, 0.000211
Feb 03 2017, 0.000213
Feb 04 2017, 0.000211
Feb 05 2017, 0.000211
Feb 06 2017, 0.000214
Feb 07 2017, 0.000208
Feb 08 2017, 0.000211
Feb 09 2017, 0.000204
Feb 10 2017, 0.000208
Feb 11 2017, 0.000210
Feb 12 2017, 0.000208
Feb 13 2017, 0.000208
Feb 14 2017, 0.000209
Feb 15 2017, 0.000209
Feb 16 2017, 0.000207
Feb 17 2017, 0.000209
Feb 18 2017, 0.000197
Feb 19 2017, 0.000208
Feb 20 2017, 0.000207
Feb 21 2017, 0.000208
Feb 22 2017, 0.000202
Feb 23 2017, 0.000208
Feb 24 2017, 0.000208
Feb 25 2017, 0.000200
Feb 26 2017, 0.000203
Feb 27 2017, 0.000208
Feb 28 2017, 0.000205
Mar 01 2017, 0.000203
Mar 02 2017, 0.000205
Mar 03 2017, 0.000211
Mar 04 2017, 0.000205
Mar 05 2017, 0.000206
Mar 06 2017, 0.000210
Mar 07 2017, 0.000209
Mar 08 2017, 0.000208
Mar 09 2017, 0.000211
Mar 10 2017, 0.000204
Mar 11 2017, 0.000211
Mar 12 2017, 0.000229
Mar 13 2017, 0.000247
Mar 14 2017, 0.000238
Mar 15 2017, 0.000243
Mar 16 2017, 0.000235
Mar 17 2017, 0.000223
Mar 18 2017, 0.000219
Mar 19 2017, 0.000235
Mar 20 2017, 0.000236
Mar 21 2017, 0.000246
Mar 22 2017, 0.000243
Mar 23 2017, 0.000242
Mar 24 2017, 0.000264
Mar 25 2017, 0.000298
Mar 26 2017, 0.000272
Mar 27 2017, 0.000254
Mar 28 2017, 0.000273
Mar 29 2017, 0.000272
Mar 30 2017, 0.000304
Mar 31 2017, 0.000328
Apr 01 2017, 0.000335
Apr 02 2017, 0.000489
Apr 03 2017, 0.000427
Apr 04 2017, 0.000432
Apr 05 2017, 0.000442
Apr 06 2017, 0.000450
Apr 07 2017, 0.000398
Apr 08 2017, 0.000432
Apr 09 2017, 0.000381
Apr 10 2017, 0.000400
Apr 11 2017, 0.000390
Apr 12 2017, 0.000414
Apr 13 2017, 0.000425
Apr 14 2017, 0.000426
Apr 15 2017, 0.000418
Apr 16 2017, 0.000454
Apr 17 2017, 0.000459
Apr 18 2017, 0.000459
Apr 19 2017, 0.000448
Apr 20 2017, 0.000443
Apr 21 2017, 0.000451
Apr 22 2017, 0.000464
Apr 23 2017, 0.000522
Apr 24 2017, 0.000515
Apr 25 2017, 0.000527
Apr 26 2017, 0.000544
Apr 27 2017, 0.000632
Apr 28 2017, 0.000678
Apr 29 2017, 0.000734
Apr 30 2017, 0.000746
May 01 2017, 0.000686
May 02 2017, 0.000610
May 03 2017, 0.000678
May 04 2017, 0.000744
May 05 2017, 0.000840
May 06 2017, 0.001169
May 07 2017, 0.001305
May 08 2017, 0.001521
May 09 2017, 0.001239
May 10 2017, 0.001239
May 11 2017, 0.001212
May 12 2017, 0.001183
May 13 2017, 0.001184
May 14 2017, 0.001274
May 15 2017, 0.001128
May 16 2017, 0.001059
May 17 2017, 0.001318
May 18 2017, 0.001508
May 19 2017, 0.001518
May 20 2017, 0.001900
May 21 2017, 0.003062
May 22 2017, 0.003405
May 23 2017, 0.003562
May 24 2017, 0.003659
May 25 2017, 0.002994
May 26 2017, 0.002424
May 27 2017, 0.002541
May 28 2017, 0.002579
May 29 2017, 0.002732
May 30 2017, 0.002623
May 31 2017, 0.002657
Jun 01 2017, 0.002867
Jun 02 2017, 0.003026
Jun 03 2017, 0.003251
Jun 04 2017, 0.003179
Jun 05 2017, 0.003873
Jun 06 2017, 0.003741
Jun 07 2017, 0.003302
Jun 08 2017, 0.003575
Jun 09 2017, 0.003453
Jun 10 2017, 0.003313
Jun 11 2017, 0.003601
Jun 12 2017, 0.003253
Jun 13 2017, 0.003313
Jun 14 2017, 0.003092
Jun 15 2017, 0.003043
Jun 16 2017, 0.003163
Jun 17 2017, 0.003322
Jun 18 2017, 0.003230
Jun 19 2017, 0.003141
Jun 20 2017, 0.003218
Jun 21 2017, 0.003125
Jun 22 2017, 0.003104
Jun 23 2017, 0.003143
Jun 24 2017, 0.003135
Jun 25 2017, 0.002961
Jun 26 2017, 0.002750
Jun 27 2017, 0.002623
Jun 28 2017, 0.002793
Jun 29 2017, 0.002656
Jun 30 2017, 0.002602
Jul 01 2017, 0.002645
Jul 02 2017, 0.002481
Jul 03 2017, 0.002533
Jul 04 2017, 0.002518
Jul 05 2017, 0.002714
Jul 06 2017, 0.002636
Jul 07 2017, 0.002397
Jul 08 2017, 0.002440
Jul 09 2017, 0.002330
Jul 10 2017, 0.001952
Jul 11 2017, 0.001779
Jul 12 2017, 0.001938
Jul 13 2017, 0.001823
Jul 14 2017, 0.001681
Jul 15 2017, 0.001484
Jul 16 2017, 0.001307
Jul 17 2017, 0.001520
Jul 18 2017, 0.001864
Jul 19 2017, 0.001689
Jul 20 2017, 0.001935
Jul 21 2017, 0.001936
Jul 22 2017, 0.002095
Jul 23 2017, 0.001972
Jul 24 2017, 0.001980
Jul 25 2017, 0.001773
Jul 26 2017, 0.001810
Jul 27 2017, 0.001856
Jul 28 2017, 0.001782
Jul 29 2017, 0.001768
Jul 30 2017, 0.001719
Jul 31 2017, 0.001718
Aug 01 2017, 0.001792
Aug 02 2017, 0.001788
Aug 03 2017, 0.001795
Aug 04 2017, 0.001820
Aug 05 2017, 0.002087
Aug 06 2017, 0.001909
Aug 07 2017, 0.001949
Aug 08 2017, 0.001961
Aug 09 2017, 0.001937
Aug 10 2017, 0.001896
Aug 11 2017, 0.001880
Aug 12 2017, 0.001856
Aug 13 2017, 0.001807
Aug 14 2017, 0.001762
Aug 15 2017, 0.001738
Aug 16 2017, 0.001774
Aug 17 2017, 0.001710
Aug 18 2017, 0.001678
Aug 19 2017, 0.001678
Aug 20 2017, 0.001707
Aug 21 2017, 0.001712
Aug 22 2017, 0.001716
Aug 23 2017, 0.001732
Aug 24 2017, 0.001816
Aug 25 2017, 0.001790
Aug 26 2017, 0.001778
Aug 27 2017, 0.001760
Aug 28 2017, 0.001825
Aug 29 2017, 0.001867
Aug 30 2017, 0.002105
Aug 31 2017, 0.002064
Sep 01 2017, 0.002543
Sep 02 2017, 0.002226
Sep 03 2017, 0.002153
Sep 04 2017, 0.001786
Sep 05 2017, 0.001908
Sep 06 2017, 0.002019
Sep 07 2017, 0.001928
Sep 08 2017, 0.001596
Sep 09 2017, 0.001568
Sep 10 2017, 0.001395
Sep 11 2017, 0.001463
Sep 12 2017, 0.001440
Sep 13 2017, 0.001398
Sep 14 2017, 0.000854
Sep 15 2017, 0.000865
Sep 16 2017, 0.000867
Sep 17 2017, 0.000853
Sep 18 2017, 0.000947
Sep 19 2017, 0.000890
Sep 20 2017, 0.000862
Sep 21 2017, 0.000755
Sep 22 2017, 0.000772
Sep 23 2017, 0.000954
Sep 24 2017, 0.000892
Sep 25 2017, 0.001141
Sep 26 2017, 0.001151
Sep 27 2017, 0.001173
Sep 28 2017, 0.001080
Sep 29 2017, 0.001082
Sep 30 2017, 0.001145
Oct 01 2017, 0.001084
Oct 02 2017, 0.001085
Oct 03 2017, 0.001108
Oct 04 2017, 0.001024
Oct 05 2017, 0.001001
Oct 06 2017, 0.001056
Oct 07 2017, 0.001066
Oct 08 2017, 0.001056
Oct 09 2017, 0.000991
Oct 10 2017, 0.001036
Oct 11 2017, 0.001046
Oct 12 2017, 0.001062
Oct 13 2017, 0.001066
Oct 14 2017, 0.001110
Oct 15 2017, 0.001106
Oct 16 2017, 0.001164
Oct 17 2017, 0.001067
Oct 18 2017, 0.001047
Oct 19 2017, 0.001064
Oct 20 2017, 0.001050
Oct 21 2017, 0.001007
Oct 22 2017, 0.001023
Oct 23 2017, 0.001016
Oct 24 2017, 0.001092
Oct 25 2017, 0.001056
Oct 26 2017, 0.001051
Oct 27 2017, 0.001052
Oct 28 2017, 0.001037
Oct 29 2017, 0.001173
Oct 30 2017, 0.001151
Oct 31 2017, 0.001124
Nov 01 2017, 0.001138
Nov 02 2017, 0.001151
Nov 03 2017, 0.001121
Nov 04 2017, 0.001189
Nov 05 2017, 0.001182
Nov 06 2017, 0.001154
Nov 07 2017, 0.001177
Nov 08 2017, 0.001222
Nov 09 2017, 0.001415
Nov 10 2017, 0.001163
Nov 11 2017, 0.001201
Nov 12 2017, 0.001038
Nov 13 2017, 0.001211
Nov 14 2017, 0.001184
Nov 15 2017, 0.001339
Nov 16 2017, 0.001390
Nov 17 2017, 0.001313
Nov 18 2017, 0.001373
Nov 19 2017, 0.001376
Nov 20 2017, 0.001394
Nov 21 2017, 0.001389
Nov 22 2017, 0.001823
Nov 23 2017, 0.001891
Nov 24 2017, 0.001908
Nov 25 2017, 0.002072
Nov 26 2017, 0.002026
Nov 27 2017, 0.001988
Nov 28 2017, 0.002363
Nov 29 2017, 0.002080
Nov 30 2017, 0.002079
Dec 01 2017, 0.002148
Dec 02 2017, 0.002149
Dec 03 2017, 0.002223
Dec 04 2017, 0.002463
Dec 05 2017, 0.002479
Dec 06 2017, 0.002663
Dec 07 2017, 0.002720
Dec 08 2017, 0.002779
Dec 09 2017, 0.002617
Dec 10 2017, 0.002547
Dec 11 2017, 0.002798
Dec 12 2017, 0.003304
Dec 13 2017, 0.003461
Dec 14 2017, 0.003709
Dec 15 2017, 0.003762
Dec 16 2017, 0.005933
Dec 17 2017, 0.005984
Dec 18 2017, 0.006433
Dec 19 2017, 0.005666
Dec 20 2017, 0.006661
Dec 21 2017, 0.007425
Dec 22 2017, 0.006054
Dec 23 2017, 0.007259
Dec 24 2017, 0.008582
Dec 25 2017, 0.008931
Dec 26 2017, 0.009411
Dec 27 2017, 0.008872
Dec 28 2017, 0.008486
Dec 29 2017, 0.009391
Dec 30 2017, 0.007860
Dec 31 2017, 0.008972
Jan 01 2018, 0.008909
Jan 02 2018, 0.009145
Jan 03 2018, 0.009320
Jan 04 2018, 0.009644
Jan 05 2018, 0.012167
Jan 06 2018, 0.014863
Jan 07 2018, 0.017088
Jan 08 2018, 0.015045
Jan 09 2018, 0.013420
Jan 10 2018, 0.013102
Jan 11 2018, 0.011469
Jan 12 2018, 0.013056
Jan 13 2018, 0.013023
Jan 14 2018, 0.011684
Jan 15 2018, 0.009857
Jan 16 2018, 0.006822
Jan 17 2018, 0.007648
Jan 18 2018, 0.007969
Jan 19 2018, 0.007871
Jan 20 2018, 0.008448
Jan 21 2018, 0.007131
Jan 22 2018, 0.006734
Jan 23 2018, 0.006673
Jan 24 2018, 0.007083
Jan 25 2018, 0.007667
Jan 26 2018, 0.007237
Jan 27 2018, 0.007373
Jan 28 2018, 0.007465
Jan 29 2018, 0.006967
Jan 30 2018, 0.006024
Jan 31 2018, 0.006010
Feb 01 2018, 0.005029
Feb 02 2018, 0.004475
Feb 03 2018, 0.005164
Feb 04 2018, 0.004399
Feb 05 2018, 0.003533
Feb 06 2018, 0.004361
Feb 07 2018, 0.004297
Feb 08 2018, 0.004566
Feb 09 2018, 0.005000
Feb 10 2018, 0.004989
Feb 11 2018, 0.004956
Feb 12 2018, 0.005472
Feb 13 2018, 0.005638
Feb 14 2018, 0.006730
Feb 15 2018, 0.007347
Feb 16 2018, 0.007034
Feb 17 2018, 0.007049
Feb 18 2018, 0.006424
Feb 19 2018, 0.006697
Feb 20 2018, 0.007094
Feb 21 2018, 0.006581
Feb 22 2018, 0.006259
Feb 23 2018, 0.006648
Feb 24 2018, 0.006324
Feb 25 2018, 0.006142
Feb 26 2018, 0.006339
Feb 27 2018, 0.006291
Feb 28 2018, 0.006018
Mar 01 2018, 0.006215
Mar 02 2018, 0.005482
Mar 03 2018, 0.005301
Mar 04 2018, 0.005502
Mar 05 2018, 0.005218
Mar 06 2018, 0.004610
Mar 07 2018, 0.004024
Mar 08 2018, 0.004025
Mar 09 2018, 0.004146
Mar 10 2018, 0.003973
Mar 11 2018, 0.004210
Mar 12 2018, 0.004032
Mar 13 2018, 0.003960
Mar 14 2018, 0.003524
Mar 15 2018, 0.003536
Mar 16 2018, 0.003510
Mar 17 2018, 0.003299
Mar 18 2018, 0.003190
Mar 19 2018, 0.003440
Mar 20 2018, 0.003651
Mar 21 2018, 0.003659
Mar 22 2018, 0.003528
Mar 23 2018, 0.003560
Mar 24 2018, 0.003590
Mar 25 2018, 0.003505
Mar 26 2018, 0.003289
Mar 27 2018, 0.003145
Mar 28 2018, 0.003141
Mar 29 2018, 0.002827
Mar 30 2018, 0.002763
Mar 31 2018, 0.002819
Apr 01 2018, 0.002719
Apr 02 2018, 0.002797
Apr 03 2018, 0.002980
Apr 04 2018, 0.002770
Apr 05 2018, 0.002714
Apr 06 2018, 0.002670
Apr 07 2018, 0.002802
Apr 08 2018, 0.002843
Apr 09 2018, 0.002763
Apr 10 2018, 0.003043
Apr 11 2018, 0.003396
Apr 12 2018, 0.003798
Apr 13 2018, 0.003995
Apr 14 2018, 0.004150
Apr 15 2018, 0.004571
Apr 16 2018, 0.004585
Apr 17 2018, 0.004744
Apr 18 2018, 0.005412
Apr 19 2018, 0.005824
Apr 20 2018, 0.005893
Apr 21 2018, 0.005413
Apr 22 2018, 0.005539
Apr 23 2018, 0.005482
Apr 24 2018, 0.005800
Apr 25 2018, 0.005093
Apr 26 2018, 0.005627
Apr 27 2018, 0.005422
Apr 28 2018, 0.005357
Apr 29 2018, 0.005459
Apr 30 2018, 0.005210
May 01 2018, 0.005144
May 02 2018, 0.005273
May 03 2018, 0.005641
May 04 2018, 0.005269
May 05 2018, 0.005180
May 06 2018, 0.004970
May 07 2018, 0.004817
May 08 2018, 0.005303
May 09 2018, 0.005093
May 10 2018, 0.004870
May 11 2018, 0.004362
May 12 2018, 0.004473
May 13 2018, 0.004329
May 14 2018, 0.004460
May 15 2018, 0.004515
May 16 2018, 0.004385
May 17 2018, 0.004188
May 18 2018, 0.004017
May 19 2018, 0.004286
May 20 2018, 0.004423
May 21 2018, 0.004271
May 22 2018, 0.003851
May 23 2018, 0.003591
May 24 2018, 0.003499
May 25 2018, 0.003514
May 26 2018, 0.003463
May 27 2018, 0.003424
May 28 2018, 0.003226
May 29 2018, 0.003437
May 30 2018, 0.003354
May 31 2018, 0.003398
Jun 01 2018, 0.003423
Jun 02 2018, 0.003558
Jun 03 2018, 0.003690
Jun 04 2018, 0.003532
Jun 05 2018, 0.003654
Jun 06 2018, 0.003787
Jun 07 2018, 0.003732
Jun 08 2018, 0.003659
Jun 09 2018, 0.003593
Jun 10 2018, 0.003182
Jun 11 2018, 0.003234
Jun 12 2018, 0.003089
Jun 13 2018, 0.002817
Jun 14 2018, 0.002944
Jun 15 2018, 0.002901
Jun 16 2018, 0.002895
Jun 17 2018, 0.002873
Jun 18 2018, 0.003027
Jun 19 2018, 0.003033
Jun 20 2018, 0.003021
Jun 21 2018, 0.002988
Jun 22 2018, 0.002668
Jun 23 2018, 0.002641
Jun 24 2018, 0.002510
Jun 25 2018, 0.002485
Jun 26 2018, 0.002478
Jun 27 2018, 0.002437
Jun 28 2018, 0.002357
Jun 29 2018, 0.002427
Jun 30 2018, 0.002499
Jul 01 2018, 0.002489
Jul 02 2018, 0.002703
Jul 03 2018, 0.002638
Jul 04 2018, 0.002680
Jul 05 2018, 0.002599
Jul 06 2018, 0.002597
Jul 07 2018, 0.002645
Jul 08 2018, 0.002611
Jul 09 2018, 0.002603
Jul 10 2018, 0.002411
Jul 11 2018, 0.002425
Jul 12 2018, 0.002306
Jul 13 2018, 0.002332
Jul 14 2018, 0.002362
Jul 15 2018, 0.002380
Jul 16 2018, 0.002854
Jul 17 2018, 0.003228
Jul 18 2018, 0.003712
Jul 19 2018, 0.003844
Jul 20 2018, 0.003410
Jul 21 2018, 0.003270
Jul 22 2018, 0.003458
Jul 23 2018, 0.003431
Jul 24 2018, 0.003620
Jul 25 2018, 0.003543
Jul 26 2018, 0.003393
Jul 27 2018, 0.003418
Jul 28 2018, 0.003400
Jul 29 2018, 0.003307
Jul 30 2018, 0.003273
Jul 31 2018, 0.002945
Aug 01 2018, 0.003159
Aug 02 2018, 0.002946
Aug 03 2018, 0.002918
Aug 04 2018, 0.002745
Aug 05 2018, 0.002837
Aug 06 2018, 0.002779
Aug 07 2018, 0.002671
Aug 08 2018, 0.002415
Aug 09 2018, 0.002555
Aug 10 2018, 0.002392
Aug 11 2018, 0.002404
Aug 12 2018, 0.002404
Aug 13 2018, 0.002331
Aug 14 2018, 0.002260
Aug 15 2018, 0.002303
Aug 16 2018, 0.002292
Aug 17 2018, 0.002455
Aug 18 2018, 0.002394
Aug 19 2018, 0.002473
Aug 20 2018, 0.002369
Aug 21 2018, 0.002424
Aug 22 2018, 0.002315
Aug 23 2018, 0.002385
Aug 24 2018, 0.002426
Aug 25 2018, 0.002370
Aug 26 2018, 0.002404
Aug 27 2018, 0.002462
Aug 28 2018, 0.002607
Aug 29 2018, 0.002606
Aug 30 2018, 0.003206
Aug 31 2018, 0.004794
Sep 01 2018, 0.006278
Sep 02 2018, 0.004999
Sep 03 2018, 0.005266
Sep 04 2018, 0.005269
Sep 05 2018, 0.004931
Sep 06 2018, 0.005010
Sep 07 2018, 0.005307
Sep 08 2018, 0.005692
Sep 09 2018, 0.005829
Sep 10 2018, 0.006892
Sep 11 2018, 0.006329
Sep 12 2018, 0.006455
Sep 13 2018, 0.006554
Sep 14 2018, 0.006180
Sep 15 2018, 0.006165
Sep 16 2018, 0.006531
Sep 17 2018, 0.006243
Sep 18 2018, 0.005981
Sep 19 2018, 0.005609
Sep 20 2018, 0.005695
Sep 21 2018, 0.005684
Sep 22 2018, 0.005758
Sep 23 2018, 0.005901
Sep 24 2018, 0.005677
Sep 25 2018, 0.005686
Sep 26 2018, 0.005695
Sep 27 2018, 0.005879
Sep 28 2018, 0.005831
Sep 29 2018, 0.005865
Sep 30 2018, 0.005906
Oct 01 2018, 0.005942
Oct 02 2018, 0.005824
Oct 03 2018, 0.005704
Oct 04 2018, 0.005645
Oct 05 2018, 0.005669
Oct 06 2018, 0.005545
Oct 07 2018, 0.005562
Oct 08 2018, 0.005578
Oct 09 2018, 0.005635
Oct 10 2018, 0.005552
Oct 11 2018, 0.005000
Oct 12 2018, 0.005247
Oct 13 2018, 0.005182
Oct 14 2018, 0.005158
Oct 15 2018, 0.005218
Oct 16 2018, 0.005017
Oct 17 2018, 0.004599
Oct 18 2018, 0.004386
Oct 19 2018, 0.004470
Oct 20 2018, 0.004551
Oct 21 2018, 0.004517